{
    "camera_angle_x": 0.6911112070083618,
    "frames": [
        {
            "file_path": "./test/r_30",
            "rotation": 0.031415926535897934,
            "transform_matrix": [
                [
                    0.30901750922203064,
                    0.6045553088188171,
                    -0.7341805100440979,
                    -2.959576368331909
                ],
                [
                    -0.9510563611984253,
                    0.19643229246139526,
                    -0.23855014145374298,
                    -0.9616263508796692
                ],
                [
                    0.0,
                    0.7719632387161255,
                    0.6356672048568726,
                    2.5624563694000244
                ],
                [
                    0.0,
                    0.0,
                    0.0,
                    1.0
                ]
            ]
        },
        {
            "file_path": "./test/r_32",
            "rotation": 0.031415926535897934,
            "transform_matrix": [
                [
                    0.42577987909317017,
                    0.5626534223556519,
                    -0.7086131572723389,
                    -2.856511116027832
                ],
                [
                    -0.9048268795013428,
                    0.26476502418518066,
                    -0.333448588848114,
                    -1.3441742658615112
                ],
                [
                    -1.4901162970204496e-08,
                    0.7831478714942932,
                    0.621835470199585,
                    2.5066988468170166
                ],
                [
                    0.0,
                    0.0,
                    0.0,
                    1.0
                ]
            ]
        },
        {
            "file_path": "./test/r_34",
            "rotation": 0.031415926535897934,
            "transform_matrix": [
                [
                    0.5358273386955261,
                    0.5126674771308899,
                    -0.6708659529685974,
                    -2.7043471336364746
                ],
                [
                    -0.8443276286125183,
                    0.3253491222858429,
                    -0.4257450997829437,
                    -1.7162333726882935
                ],
                [
                    -1.4901161193847656e-08,
                    0.7945564985275269,
                    0.6071901917457581,
                    2.447661876678467
                ],
                [
                    0.0,
                    0.0,
                    0.0,
                    1.0
                ]
            ]
        },
        {
            "file_path": "./test/r_36",
            "rotation": 0.031415926535897934,
            "transform_matrix": [
                [
                    0.637424647808075,
                    0.4559655785560608,
                    -0.6211161017417908,
                    -2.5037992000579834
                ],
                [
                    -0.7705128192901611,
                    0.3772081434726715,
                    -0.5138327479362488,
                    -2.0713260173797607
                ],
                [
                    0.0,
                    0.8061074614524841,
                    0.5917690396308899,
                    2.3854973316192627
                ],
                [
                    0.0,
                    0.0,
                    0.0,
                    1.0
                ]
            ]
        },
        {
            "file_path": "./test/r_38",
            "rotation": 0.031415926535897934,
            "transform_matrix": [
                [
                    0.728969156742096,
                    0.394035667181015,
                    -0.5597676634788513,
                    -2.256495714187622
                ],
                [
                    -0.6845465302467346,
                    0.4196060299873352,
                    -0.596092939376831,
                    -2.4029273986816406
                ],
                [
                    1.4901162970204496e-08,
                    0.817720353603363,
                    0.5756155848503113,
                    2.320380687713623
                ],
                [
                    0.0,
                    0.0,
                    0.0,
                    1.0
                ]
            ]
        },
        {
            "file_path": "./test/r_40",
            "rotation": 0.031415926535897934,
            "transform_matrix": [
                [
                    0.8090174198150635,
                    0.3284419775009155,
                    -0.48745936155319214,
                    -1.9650115966796875
                ],
                [
                    -0.5877846479415894,
                    0.45206233859062195,
                    -0.670931339263916,
                    -2.704610824584961
                ],
                [
                    0.0,
                    0.8293163180351257,
                    0.5587794184684753,
                    2.252511978149414
                ],
                [
                    0.0,
                    0.0,
                    0.0,
                    1.0
                ]
            ]
        },
        {
            "file_path": "./test/r_42",
            "rotation": 0.031415926535897934,
            "transform_matrix": [
                [
                    0.8763071298599243,
                    0.2607807517051697,
                    -0.40506699681282043,
                    -1.6328773498535156
                ],
                [
                    -0.4817529618740082,
                    0.474359393119812,
                    -0.7368156313896179,
                    -2.9701988697052
                ],
                [
                    0.0,
                    0.8408190011978149,
                    0.5413163304328918,
                    2.1821160316467285
                ],
                [
                    0.0,
                    0.0,
                    0.0,
                    1.0
                ]
            ]
        },
        {
            "file_path": "./test/r_44",
            "rotation": 0.031415926535897934,
            "transform_matrix": [
                [
                    0.9297768473625183,
                    0.19263479113578796,
                    -0.31369873881340027,
                    -1.2645601034164429
                ],
                [
                    -0.36812371015548706,
                    0.4865412712097168,
                    -0.7923146486282349,
                    -3.193922519683838
                ],
                [
                    1.4901161193847656e-08,
                    0.8521557450294495,
                    0.5232881903648376,
                    2.1094422340393066
                ],
                [
                    0.0,
                    0.0,
                    0.0,
                    1.0
                ]
            ]
        },
        {
            "file_path": "./test/r_46",
            "rotation": 0.031415926535897934,
            "transform_matrix": [
                [
                    0.9685834050178528,
                    0.12552893161773682,
                    -0.21468277275562286,
                    -0.8654139637947083
                ],
                [
                    -0.2486889660358429,
                    0.48890483379364014,
                    -0.8361374735832214,
                    -3.3705780506134033
                ],
                [
                    0.0,
                    0.8632582426071167,
                    0.5047627091407776,
                    2.0347635746002197
                ],
                [
                    0.0,
                    0.0,
                    0.0,
                    1.0
                ]
            ]
        },
        {
            "file_path": "./test/r_48",
            "rotation": 0.031415926535897934,
            "transform_matrix": [
                [
                    0.9921148419380188,
                    0.060888007283210754,
                    -0.10954825580120087,
                    -0.4416031539440155
                ],
                [
                    -0.12533223628997803,
                    0.4819820821285248,
                    -0.8671707510948181,
                    -3.4956769943237305
                ],
                [
                    0.0,
                    0.8740628957748413,
                    0.48581281304359436,
                    1.9583741426467896
                ],
                [
                    0.0,
                    0.0,
                    0.0,
                    1.0
                ]
            ]
        }
    ]
}